%YAML:1.0
---
K: !!opencv-matrix
   rows: 3
   cols: 3
   dt: d
   data: [ 531.06727252002406, 0., 365.51249479601074, 0.,
       531.01180939466337, 241.58088545188133, 0., 0., 1. ]
D: !!opencv-matrix
   rows: 1
   cols: 5
   dt: d
   data: [ 0.15717882620270851, -1.2667077034976164,
       0.0010027768070595866, 0.0017499173395251119, 2.817626248297918 ]
